    1111111111111111111111111
    1111111111111111111111111
    1111111111111111111111111
    1111111000000000000011111
    1111111000000000000011111
    1111111000000000000011111
    1111111000000000000011111
    1111111000000101000011111
    1111111000000101000011111
    1111111000000101000011111
    1111111000000101000011111
    1111111000000000000011111
    1111111000001000000011111
    1111111000300000000011111
    1111111000000000000011111
    1111111000002000000011111
    1111111000000000002011111
    1111111000000000000011111
    1111111111111111111111111
